// ambient, diffuse, specular, reflect
room
0.5 0.5 0.5 1.0
1.0 1.0 1.0 1.0
0.4 0.4 0.4 16.0
0.0 0.0 0.0 0.0

skull
0.5 0.5 0.5 1.0
1.0 1.0 1.0 1.0
0.4 0.4 0.4 16.0
0.0 0.0 0.0 0.0

mirror
0.5 0.5 0.5 1.0
1.0 1.0 1.0 0.6
0.4 0.4 0.4 16.0
0.0 0.0 0.0 0.0

shadow
0.0 0.0 0.0 1.0
0.0 0.0 0.0 0.4
0.0 0.0 0.0 16.0
0.0 0.0 0.0 0.0

land
0.5 0.5 0.5 1.0
1.0 1.0 1.0 1.0
0.2 0.2 0.2 16.0
0.0 0.0 0.0 0.0

waves
0.5 0.5 0.5 1.0
1.0 1.0 1.0 0.5
0.8 0.8 0.8 32.0
0.0 0.0 0.0 0.0

box
0.5 0.5 0.5 1.0
1.0 1.0 1.0 1.0
0.4 0.4 0.4 16.0
0.0 0.0 0.0 0.0

cylinder
0.5 0.5 0.5 1.0
1.0 1.0 1.0 1.0
0.4 0.4 0.4 16.0
0.0 0.0 0.0 0.0

tree
0.5 0.5 0.5 1.0
1.0 1.0 1.0 1.0
0.2 0.2 0.2 16.0
0.0 0.0 0.0 0.0

quadratic_bezier
0.5 0.5 0.5 1.0
1.0 1.0 1.0 1.0
0.2 0.2 0.2 16.0
0.0 0.0 0.0 0.0

depth0
0.0 0.0 0.0 0.0
0.0 0.0 0.0 0.0
0.0 0.0 0.0 0.0
0.0 0.0 0.0 0.0

depth1
0.0 0.0 0.0 0.0
0.2 0.2 0.2 0.0
0.0 0.0 0.0 0.0
0.0 0.0 0.0 0.0

depth2
0.0 0.0 0.0 0.0
0.4 0.4 0.4 0.0
0.0 0.0 0.0 0.0
0.0 0.0 0.0 0.0

depth3
0.0 0.0 0.0 0.0
0.6 0.6 0.6 0.0
0.0 0.0 0.0 0.0
0.0 0.0 0.0 0.0

depth4
0.0 0.0 0.0 0.0
0.8 0.8 0.8 0.0
0.0 0.0 0.0 0.0
0.0 0.0 0.0 0.0

depth5
0.0 0.0 0.0 0.0
1.0 1.0 1.0 0.0
0.0 0.0 0.0 0.0
0.0 0.0 0.0 0.0

terrain
1.0 1.0 1.0 1.0
1.0 1.0 1.0 1.0
0.0 0.0 0.0 64.0
0.0 0.0 0.0 1.0